1.787014796024364027e-01 9.937643186448170685e-01 9.789888318702177558e-03
1.618272625573912715e-01 9.965372096292711701e-01 9.788500279194879347e-03
1.449061567926380745e-01 9.990211675527499446e-01 9.784213122667643342e-03
1.279450784611351477e-01 1.001215127560002749e+00 9.777028163311149433e-03
1.109489656030921978e-01 1.003118451997470073e+00 9.766947548362544390e-03
9.392276627996050398e-02 1.004730586149665372e+00 9.753974250352025893e-03
7.687143721950834285e-02 1.006051058393285347e+00 9.738112066410689605e-03
5.979994245860213026e-02 1.007079480330537624e+00 9.719365617364925450e-03
4.271325198405719059e-02 1.007815546901655646e+00 9.697740346617904350e-03
2.561634037178032661e-02 1.008259036476552462e+00 9.673242518817255081e-03
8.514185424500799598e-03 1.008409810925586125e+00 9.645879218307763792e-03
-8.588233191653058679e-03 1.008267815669399825e+00 9.615658347373264719e-03
-2.568593531145381414e-02 1.007833079707809443e+00 9.582588624263792959e-03
-4.277394163548228073e-02 1.007105715627710119e+00 9.546679581012700380e-03
-5.984727509536739987e-02 1.006085919589990496e+00 9.507941561042291406e-03
-7.690096221908483687e-02 1.004773971295427337e+00 9.466385716558211108e-03
-9.393003449603770649e-02 1.003170233929538524e+00 9.422024005736780172e-03
-1.109295297416422466e-01 1.001275154086397112e+00 9.374869189701491579e-03
-1.278944934611404016e-01 9.990892616713824559e-01 9.324934829292440275e-03
-1.448199802123582847e-01 9.966131697828614078e-01 9.272235281629017181e-03
-1.617010549671316078e-01 9.938475745728003741e-01 9.216785696465149350e-03
-1.785327944711130876e-01 9.907932550862892374e-01 9.158602012338706508e-03
-1.953102886016814255e-01 9.874510730799994640e-01 9.097700952515466039e-03
-2.120286417236635357e-01 9.838219728195426450e-01 9.034100020730011227e-03
-2.286829740425875002e-01 9.799069808557685501e-01 8.967817496722338064e-03
-2.452684229551784223e-01 9.757072057799813791e-01 8.898872431571442157e-03
-2.617801443968050812e-01 9.712238379580929726e-01 8.827284642827044545e-03
-2.782133141855942515e-01 9.664581492437256394e-01 8.753074709439928255e-03
-2.945631293629153435e-01 9.614114926702701514e-01 8.676263966492051352e-03
-3.108248095299450675e-01 9.560853021219184456e-01 8.596874499725687055e-03
-3.269935981800231040e-01 9.504810919836956806e-01 8.514929139874356095e-03
-3.430647640264918863e-01 9.446004567705003074e-01 8.430451456796413459e-03
-3.590336023257365561e-01 9.384450707351837950e-01 8.343465753409787244e-03
-3.748954361951174485e-01 9.320166874556994330e-01 8.253997059431089287e-03
-3.906456179255021199e-01 9.253171394013461892e-01 8.162071124919227649e-03
-4.062795302880894965e-01 9.183483374781403752e-01 8.067714413624521921e-03
-4.217925878352308811e-01 9.111122705533555299e-01 7.970954096142708958e-03
-4.371802381949366212e-01 9.036110049592627202e-01 7.871818042878708441e-03
-4.524379633587700678e-01 8.958466839761273226e-01 7.770334816816221700e-03
-4.675612809628188482e-01 8.878215272944947056e-01 7.666533666098616917e-03
-4.825457455614320379e-01 8.795378304568215455e-01 7.560444516418968718e-03
-4.973869498934235245e-01 8.709979642785112830e-01 7.452097963221567152e-03
-5.120805261404173248e-01 8.622043742484005735e-01 7.341525263716807727e-03
-5.266221471770354823e-01 8.531595799087686727e-01 7.228758328710008924e-03
-5.410075278126033060e-01 8.438661742149260458e-01 7.113829714244760891e-03
-5.552324260240658615e-01 8.343268228744626924e-01 6.996772613061975378e-03
-5.692926441797955261e-01 8.245442636662216884e-01 6.877620845876879045e-03
-5.831840302539698095e-01 8.145213057390768840e-01 6.756408852474960619e-03
-5.969024790312021933e-01 8.042608288905991332e-01 6.633171682628122637e-03
-6.104439333011127955e-01 7.937657828257025372e-01 6.507944986831986668e-03
-6.238043850425004644e-01 7.830391863953515275e-01 6.380765006866726853e-03
-6.369798765968106569e-01 7.720841268154333692e-01 6.251668566182753614e-03
-6.499665018305661457e-01 7.609037588658962292e-01 6.120693060112374247e-03
-6.627604072864355933e-01 7.495013040702566132e-01 5.987876445908608264e-03
-6.753577933226180274e-01 7.378800498555860843e-01 5.853257232614341582e-03
-6.877549152402114840e-01 7.260433486930993885e-01 5.716874470761949649e-03
-6.999480843982447409e-01 7.139946172194583385e-01 5.578767741905513687e-03
-7.119336693160345231e-01 7.017373353389225743e-01 5.438977147988434228e-03
-7.237080967625514338e-01 6.892750453064804272e-01 5.297543300547010066e-03
-7.352678528324460006e-01 6.766113507920904491e-01 5.154507309752431182e-03
-7.466094840084290807e-01 6.637499159261921466e-01 5.009910773293210079e-03
-7.577295982096511340e-01 6.506944643266153738e-01 4.863795765100504404e-03
-7.686248658257666122e-01 6.374487781070653503e-01 4.716204823917522632e-03
-7.792920207363397411e-01 6.240166968673243053e-01 4.567180941716392911e-03
-7.897278613152712845e-01 6.104021166653560426e-01 4.416767551962613031e-03
-7.999292514199045634e-01 5.966089889714706329e-01 4.265008517731481638e-03
-8.098931213644853244e-01 5.826413196047429688e-01 4.111948119677159494e-03
-8.196164688776416130e-01 5.685031676518620403e-01 3.957631043858019296e-03
-8.290963600435522496e-01 5.541986443686065522e-01 3.802102369421534941e-03
-8.383299302264722863e-01 5.397319120641475010e-01 3.645407556148303873e-03
-8.473143849782918124e-01 5.251071829683846559e-01 3.487592431860928391e-03
-8.560470009287853843e-01 5.103287180825258895e-01 3.328703179697498332e-03
-8.645251266582434369e-01 4.954008260131326224e-01 3.168786325255689828e-03
-8.727461835521349576e-01 4.803278617898601999e-01 3.007888723607069457e-03
-8.807076666374974439e-01 4.651142256671162989e-01 2.846057546186565087e-03
-8.884071454007083091e-01 4.497643619098938839e-01 2.683340267560216808e-03
-8.958422645863345357e-01 4.342827575640132443e-01 2.519784652071537998e-03
-9.030107449767275085e-01 4.186739412110368486e-01 2.355438740372485171e-03
-9.099103841520377323e-01 4.029424817081136978e-01 2.190350835840611330e-03
-9.165390572303496741e-01 3.870929869130276813e-01 2.024569490886403075e-03
-9.228947175876014430e-01 3.711301023947229938e-01 1.858143493152929985e-03
-9.289753975569938760e-01 3.550585101295932189e-01 1.691121851612995474e-03
-9.347792091075640686e-01 3.388829271838265100e-01 1.523553782565945612e-03
-9.403043445016255886e-01 3.226081043821039107e-01 1.355488695536089623e-03
-9.455490769307740573e-01 3.062388249629603987e-01 1.186976179078608022e-03
-9.505117611301477920e-01 2.897799032211194614e-01 1.018065986494803236e-03
-9.551908339706532969e-01 2.732361831371282190e-01 8.488080214618561048e-04
-9.595848150288621703e-01 2.566125369946182788e-01 6.792523235786901903e-04
-9.636923071342901048e-01 2.399138639855307176e-01 5.094490538332374901e-04
-9.675119968937724302e-01 2.231450888036520808e-01 3.394484799930789815e-04
-9.710426551926535366e-01 2.063111602268122569e-01 1.693009619248242404e-04
-9.742831376725249459e-01 1.894170496881054655e-01 -9.430631564008609783e-07
-9.772323851852254828e-01 1.724677498365007333e-01 -1.712330955011958917e-04
-9.798894242228523010e-01 1.554682730872199714e-01 -3.415185877015350260e-04
-9.822533673235094298e-01 1.384236501622664872e-01 -5.117489596231909353e-04
-9.843234134525546963e-01 1.213389286214956314e-01 -6.818736133917352405e-04
-9.860988483590730214e-01 1.042191713846267187e-01 -8.518419484278562078e-04
-9.875790449073590382e-01 8.706945524460524277e-02 -1.021603376527219611e-03
-9.887634633831386965e-01 6.989486937273253764e-02 -1.191107336978564470e-03
-9.896516517743227936e-01 5.270051381598132162e-02 -1.360303311717619371e-03
-9.902432460260464087e-01 3.549149798693831959e-02 -1.529140840509935319e-03
-9.905379702697774125e-01 1.827293914679797848e-02 -1.697569536157710144e-03
-9.905356370262714538e-01 1.049960881866460237e-03 -1.865539099724335820e-03
-9.902361473821686966e-01 -1.617230842598794960e-02 -2.032999335769775442e-03
-9.896394911400128169e-01 -3.338873713447332997e-02 -2.199900167591566352e-03
-9.887457469415147360e-01 -5.059419188114581967e-02 -2.366191652465587762e-03
-9.875550823638540310e-01 -6.778353912835247130e-02 -2.531823996881308724e-03
-9.860677539888572651e-01 -8.495164671237033505e-02 -2.696747571766858892e-03
-9.842841074448785976e-01 -1.020933853962668059e-01 -2.860912927699068783e-03
-9.822045774212279090e-01 -1.192036304260046947e-01 -3.024270810094703468e-03
